effect	estimate	se	df	t_value	p_value	roi	atlas
(Intercept)	0.997206960271783	0.0619520673189517	7156.32050877897	16.0964275031824	2.71671906054897e-57	1	NA
condition2	1.37460303488408	0.0801777892638329	6385.48957313805	17.1444367262462	1.88396413865301e-64	1	NA
task2	-0.50983447784342	0.0606054612520776	6602.52933493351	-8.41235207703238	4.8770291511625e-17	1	NA
task3	-1.08495555469596	0.0636231499798737	6539.16843619126	-17.0528424801219	7.86292039531909e-64	1	NA
condition2:task2	-0.122624820431113	0.0813230540208155	6385.48957243056	-1.50787279090288	0.131636558616925	1	NA
condition2:task3	-1.56590820811243	0.0866992705764708	6385.48957489324	-18.0613769608507	3.70155835351232e-71	1	NA
(Intercept)	1.11700084391457	0.0496810185254915	7129.91966317165	22.4834529779504	3.24733146739885e-108	2	NA
condition2	1.4342472325578	0.0647155177585162	6369.47164448663	22.1623388367168	6.72828952706172e-105	2	NA
task2	-0.920369643018525	0.0488561779845311	6613.32395461415	-18.8383471852819	3.72916040276986e-77	2	NA
task3	-1.33645242551296	0.0513080604336036	6542.77313254437	-26.0476115101336	2.11882745059738e-142	2	NA
condition2:task2	-0.360984013241906	0.0656420730631969	6369.47164517401	-5.49927807573001	3.96167504052218e-08	2	NA
condition2:task3	-1.67417521287277	0.0699793326326214	6369.47164040554	-23.9238522273695	3.3664153690384e-121	2	NA
(Intercept)	0.741132131235505	0.0903038517851327	7086.27854218021	8.20709323671975	2.66925635465716e-16	3	NA
condition2	1.06146773255907	0.115370792541058	6314.98478320756	9.20048921551195	4.7514510647411e-20	3	NA
task2	0.391849944242383	0.0873805445162809	6489.78819642994	4.48440721457593	7.43754435005736e-06	3	NA
task3	0.0980548759751864	0.0916742209321809	6438.41686046497	1.06960141005971	0.284838857331122	3	NA
condition2:task2	0.306805585884229	0.11703758276058	6314.98478446036	2.62142790928835	0.0087772237953669	3	NA
condition2:task3	-0.884269848700797	0.124754793702587	6314.9847784741	-7.08806309125789	1.50806330876447e-12	3	NA
(Intercept)	1.33231792061117	0.0601616945339336	6939.18750351137	22.1456182531508	4.68031964329843e-105	4	NA
condition2	1.10988527906954	0.077615193602465	6168.23645950683	14.2998455270785	1.17014872821109e-45	4	NA
task2	-0.94486780430111	0.0587336533537278	6370.10139667536	-16.0873323954594	4.12876427719245e-57	4	NA
task3	-1.35698317342178	0.0616270461006562	6311.87676761025	-22.0192798338152	1.37594705592434e-103	4	NA
condition2:task2	-0.375890565180644	0.0787655073188284	6168.23645932706	-4.77227377790011	1.86355501948119e-06	4	NA
condition2:task3	-1.24017287355773	0.0839282391391738	6168.23646164757	-14.7765863585106	1.39403621147659e-48	4	NA
(Intercept)	1.33314582730548	0.0558489558617907	6868.98653455728	23.8705595607663	4.72089845896745e-121	5	NA
condition2	1.46554036046496	0.0724452634616139	6110.67355051131	20.2296228964851	3.92004256017534e-88	5	NA
task2	-1.25986640456303	0.0547745157640147	6330.58964712885	-23.000959241537	1.6782059520023e-112	5	NA
task3	-1.6209147659443	0.0574849571181238	6267.75397198314	-28.1971988360979	8.54558117541944e-165	5	NA
condition2:task2	-0.656190435552675	0.0735301736785046	6110.67354740787	-8.92409745177173	5.8492571530638e-19	5	NA
condition2:task3	-1.73023266164606	0.078337798491476	6110.67354784395	-22.0868175384624	4.56177466916788e-104	5	NA
(Intercept)	0.856151512806193	0.0797780608795566	7055.30317424454	10.7316661168131	1.15997213510586e-26	6	NA
condition2	1.25981087209317	0.10358219792517	6285.43116399083	12.1624265301195	1.17434963380726e-33	6	NA
task2	-0.242847846985765	0.0782582244280589	6514.17712011814	-3.10316070624641	0.00192285643675129	6	NA
task3	-0.768563438855024	0.0821643518837008	6448.13141428458	-9.35397677015555	1.14043861447797e-20	6	NA
condition2:task2	0.0248304861665154	0.105085240705831	6285.4311634708	0.236288997386649	0.813216123348748	6	NA
condition2:task3	-1.20797992130576	0.112007341275881	6285.43116522667	-10.7848280973873	6.97173423517384e-27	6	NA
(Intercept)	0.920943149365706	0.0681909703447566	6540.93334953405	13.5053533438467	5.13716307016459e-41	7	NA
condition2	1.24641910465094	0.0893290301059342	5814.25602066589	13.9531247923864	1.50752832237702e-43	7	NA
task2	-0.773725816655215	0.0674445737633533	6075.45143426723	-11.4720247083188	3.7209843388716e-30	7	NA
task3	-0.964036905845355	0.0707883091882144	6003.10557413333	-13.6185892402394	1.28310594447492e-41	7	NA
condition2:task2	-0.486572158994743	0.0907379372417887	5814.25601891633	-5.36238946779425	8.52980310415431e-08	7	NA
condition2:task3	-1.43449799638322	0.0965948527964905	5814.25602944658	-14.8506670371502	5.39626024571387e-49	7	NA
(Intercept)	0.520350820887531	0.0841619121996996	6935.86789097525	6.18273524552106	6.65754136609853e-10	8	NA
condition2	0.573699697674386	0.108164565672295	6159.59826587415	5.30395230738059	1.1727280699689e-07	8	NA
task2	0.223510652424003	0.081883050906886	6348.32101717488	2.72963268892081	0.00635797349794217	8	NA
task3	-0.106311451214957	0.0859111109345559	6293.73479209358	-1.23745869490549	0.2159630044823	8	NA
condition2:task2	0.381948386441014	0.109769302734656	6159.59826583644	3.47955554900712	0.000505723560178984	8	NA
condition2:task3	-0.500281042162577	0.116962428524315	6159.598262976	-4.27727987931248	1.92052633333401e-05	8	NA
(Intercept)	0.313798929021871	0.0362419373412697	6503.59684809854	8.65844797608376	5.95969535705697e-18	10	NA
condition2	0.289951244186033	0.0475699612779795	5794.924168867	6.09525920131984	1.16301570244667e-09	10	NA
task2	-0.176203273882003	0.0358860411076384	6058.54799037592	-4.91007836037111	9.34264649658352e-07	10	NA
task3	-0.325766750215948	0.0376777342159278	5986.30486066893	-8.64613430173396	6.75631588274715e-18	10	NA
condition2:task2	0.129101222902106	0.0483246692795441	5794.92416766832	2.67153867428027	0.00757154893954493	10	NA
condition2:task3	-0.352198080800207	0.0514391950940479	5794.92417373899	-6.84688164650074	8.32730548388176e-12	10	NA
(Intercept)	0.713665315712188	0.0771996555198913	6880.30274520372	9.24441062471198	3.09652452039302e-20	11	NA
condition2	1.03092825581397	0.100598867385785	6129.90769310071	10.2479111604754	1.9026006712058e-24	11	NA
task2	-0.274367535259299	0.0759825436983189	6369.94761732427	-3.61092853575221	0.000307449352435825	11	NA
task3	-1.05335127797182	0.0797684028941004	6301.58993123284	-13.2051193173597	2.7163758799521e-39	11	NA
condition2:task2	0.0466113925607348	0.102099644558339	6129.90769549594	0.45652845083218	0.648026191694836	11	NA
condition2:task3	-1.24256859833366	0.108781353330491	6129.90768234358	-11.4226249287282	6.45956271240625e-30	11	NA
(Intercept)	0.414430876433224	0.0352897213582652	6107.09063911235	11.743670975066	1.65734380377469e-31	12	NA
condition2	0.24377295348838	0.0449780912043877	5339.52803319133	5.41981544705035	6.2279354256633e-08	12	NA
task2	-0.0709439189326594	0.0341670956736746	5491.5086848594	-2.0763813117227	0.0379051022050615	12	NA
task3	-0.209505622203782	0.0357859213349371	5449.7652522407	-5.85441465214551	5.06650078915365e-09	12	NA
condition2:task2	0.143617218995391	0.0457562852975961	5339.52803226503	3.13874297402669	0.001705989578407	12	NA
condition2:task3	-0.170235793725067	0.048643452061225	5339.52803658384	-3.49966514528615	0.000469645907698049	12	NA
(Intercept)	0.0163576296923666	0.0952352467928619	6126.62355182702	0.171760248891303	0.863631690545182	13	NA
condition2	0.0368519767441746	0.121478297748695	5368.40776409323	0.303362637007074	0.761625271560642	13	NA
task2	0.291417276715055	0.09221452399331	5516.81413780724	3.16021017184014	0.00158508111277936	13	NA
task3	1.53462356848137	0.0966256788068306	5476.99880168031	15.8821504534971	1.44258804618049e-55	13	NA
condition2:task2	0.338901095637552	0.123572485595641	5368.4077674522	2.74252875956965	0.00611703040616652	13	NA
condition2:task3	0.356389243728279	0.131359069667366	5368.40775244537	2.71309202045011	0.00668712461336295	13	NA
(Intercept)	-0.0742676658496596	0.104677802599162	5781.57085282889	-0.709488200989942	0.478050181449628	14	NA
condition2	-0.0163173023255308	0.132076388100594	5020.31664811868	-0.123544431826096	0.901680937923175	14	NA
task2	-0.496439931814455	0.100463398732744	5140.94036093745	-4.94150046759913	7.99834517722031e-07	14	NA
task3	1.0107875078032	0.105173437235771	5109.41142258182	9.610672945273	1.09848958690317e-21	14	NA
condition2:task2	0.394967066238575	0.134522981861942	5020.31664803971	2.93605643267648	0.00333922926739274	14	NA
condition2:task3	0.36311555429403	0.142819184886926	5020.31664672665	2.54248443289688	0.0110365311758278	14	NA
(Intercept)	0.21740215596665	0.0481523328249987	5943.43620573098	4.51488314713143	6.45746205455041e-06	15	NA
condition2	0.172456383720978	0.0624134863952587	5214.47481417325	2.76312690864324	0.00574513143679463	15	NA
task2	0.0157224992271852	0.0472902220264915	5409.96216328216	0.332468289499204	0.739548561653329	15	NA
task3	0.1907044213739	0.0495635599023362	5358.51607479066	3.8476740119087	0.000120630612951741	15	NA
condition2:task2	0.1685803084906	0.0635214283905798	5214.47481495992	2.65391243178657	0.00798059349842038	15	NA
condition2:task3	-0.0333980097052322	0.0674900592082589	5214.47481107509	-0.494858207223875	0.620721062578707	15	NA
(Intercept)	0.428419324515988	0.105151644544428	6636.4628623374	4.07429980170188	4.66908854508592e-05	16	NA
condition2	0.971001558139367	0.138319500679135	5918.68223790034	7.01999033666147	2.46725450122112e-12	16	NA
task2	-0.309656300226214	0.104239621830123	6199.59058870859	-2.97061995035682	0.00298339254759185	16	NA
task3	-1.06777178104925	0.109500240121503	6122.75690472533	-9.75131908262887	2.64425466317347e-22	16	NA
condition2:task2	0.0988316623901975	0.140460257190204	5918.68223664956	0.703627234971985	0.481692624563188	16	NA
condition2:task3	-1.64618779435984	0.149570098221604	5918.68224485441	-11.0061289919115	6.64705326710432e-28	16	NA
(Intercept)	-0.253003004503919	0.0952894131205331	6205.77474582729	-2.65510087866625	0.00794871760189591	17	NA
condition2	0.0189117674418166	0.119270898947308	5473.85582748019	0.158561456388213	0.874020247108992	17	NA
task2	-0.00803111538762937	0.0906718158716161	5589.62863336915	-0.0885734482146114	0.929424083463405	17	NA
task3	1.1885358985138	0.0949773485134169	5557.78189657505	12.5138879650436	1.87668058219122e-35	17	NA
condition2:task2	0.357264472273375	0.121282670033447	5473.85582557841	2.94571740690446	0.0032356419467683	17	NA
condition2:task3	0.325683543581799	0.128972126004928	5473.85583423899	2.52522427651814	0.0115904540256874	17	NA
(Intercept)	0.36041854652198	0.0746957097250048	5752.39545951255	4.8251572660448	1.43503389999981e-06	18	NA
condition2	0.443231488372088	0.0982731722154335	5094.96911131417	4.51019824006943	6.6221469945501e-06	18	NA
task2	-0.196221940189751	0.0742160128674407	5347.69866766687	-2.64392996347336	0.00821888673305899	18	NA
task3	-0.706053197767066	0.077853220815803	5284.15556613789	-9.06903003329245	1.66102889941606e-19	18	NA
condition2:task2	0.00369617686580692	0.100068073736498	5094.96911324223	0.0369366245176237	0.97053698456031	18	NA
condition2:task3	-0.927434922297137	0.10628166321784	5094.96910356537	-8.72619880248039	3.51658813445949e-18	18	NA
(Intercept)	0.331521218571958	0.0464433796606663	5737.77001767872	7.13818031750022	1.06296006028877e-12	19	NA
condition2	0.186394941860647	0.0589593423192593	4972.54791177637	3.16141487554823	0.00157948357625937	19	NA
task2	0.165269507919525	0.044841439962346	5106.08535149889	3.68564230003104	0.000230492256051498	19	NA
task3	0.270241591403271	0.0469384852283243	5071.38921120712	5.75735646535517	9.04662285562345e-09	19	NA
condition2:task2	0.137545510091958	0.0600614814828652	4972.54791093124	2.29007854445279	0.0220584459571765	19	NA
condition2:task3	0.0560670010527369	0.063754962810555	4972.5479158223	0.879413908833066	0.379219388479023	19	NA
(Intercept)	1.14392228844998	0.100147551495654	6121.59398237674	11.422369008189	6.48425127386664e-30	20	NA
condition2	0.635714383720709	0.128825086392596	5370.46861209847	4.93470954704709	8.26938815581825e-07	20	NA
task2	-0.420931367749084	0.0977323499365943	5545.37106127364	-4.30698093335698	1.68355118728479e-05	20	NA
task3	-0.571449232065448	0.102404097862339	5498.38547553655	-5.58033559197643	2.5153456915051e-08	20	NA
condition2:task2	0.00574952665475294	0.131042370949982	5370.46861302652	0.0438753253094565	0.965005415061106	20	NA
condition2:task3	-0.508772881752202	0.139303429599886	5370.46860989586	-3.65226386179812	0.000262414751746187	20	NA
(Intercept)	0.758269589815295	0.0773310347126005	6260.64835400408	9.80550166738867	1.54814439758545e-22	21	NA
condition2	0.846833418604587	0.101503085946316	5565.80732943603	8.34293273657188	9.0483585467527e-17	21	NA
task2	-0.500297419229768	0.0766389523344502	5824.87019656548	-6.52797831899482	7.23002209772831e-11	21	NA
task3	-0.993711695680716	0.0804227562496426	5755.56993404828	-12.3561009597347	1.23719011522442e-34	21	NA
condition2:task2	-0.148223463299495	0.103185464051456	5565.80733013486	-1.43647620003511	0.150923088263892	21	NA
condition2:task3	-0.96779972175419	0.10975911899801	5565.80733050973	-8.81748806467497	1.54247675651482e-18	21	NA
(Intercept)	0.118900111625432	0.0381755416651442	5292.29642262208	3.11456252980931	0.00185202478623184	22	NA
condition2	0.290085023809555	0.0499599814503502	4639.71788488095	5.8063477084722	6.81060647159268e-09	22	NA
task2	-0.11656331040309	0.037826256255778	4855.69391365993	-3.08154498861579	0.00207083006543089	22	NA
task3	-0.234682172058837	0.0396082044675713	4803.08148251931	-5.92508989522563	3.33901964929138e-09	22	NA
condition2:task2	0.0771641720277203	0.0509428949353516	4639.71788458179	1.51471902265555	0.129911692437278	22	NA
condition2:task3	-0.412014577809554	0.0539937746775921	4639.71788504091	-7.63077929390522	2.81423298098407e-14	22	NA
(Intercept)	0.241905402764973	0.0342078067696137	5303.16262584275	7.07164316011788	1.72943287861375e-12	23	NA
condition2	0.196611174418657	0.0449460774678222	4666.28140826132	4.37437893349903	1.24434272915802e-05	23	NA
task2	-0.172328975999086	0.0340084318963475	4901.96876736954	-5.0672426333657	4.18448603580035e-07	23	NA
task3	-0.208092242433836	0.0356248094188754	4844.9657671208	-5.84121700096958	5.52047958834899e-09	23	NA
condition2:task2	0.016312499176051	0.0458499235176344	4666.28140792414	0.355780291973161	0.722021191889271	23	NA
condition2:task3	-0.191560148828106	0.0486018904675823	4666.28141109575	-3.94141353320149	8.21882041213988e-05	23	NA
(Intercept)	0.856715417490362	0.0842732806713381	6048.39617500159	10.1659198581756	4.39170168946915e-24	24	NA
condition2	0.72615577906989	0.109917873613019	5347.43146614238	6.60634849639126	4.3213140365798e-11	24	NA
task2	-0.466010519206034	0.0831803880665385	5570.28703431073	-5.60240857295903	2.21526913704319e-08	24	NA
task3	-0.68267330070835	0.0872086635306688	5511.27378781405	-7.82804452069459	5.90028569624079e-15	24	NA
condition2:task2	-0.0501205913413274	0.111821930043599	5347.43146523315	-0.448217906110059	0.654014100151302	24	NA
condition2:task3	-0.541185977888788	0.118858346595297	5347.43146934872	-4.55320129709933	5.40078709885065e-06	24	NA
(Intercept)	0.205700219913198	0.0452681898296826	5599.54786267815	4.54403457896431	5.63473386132966e-06	25	NA
condition2	0.305382139534936	0.0598834017106645	4961.80932258736	5.09961242700331	3.53013499147666e-07	25	NA
task2	-0.370221983027336	0.0451575100281167	5241.19088561793	-8.1984587457728	3.03405404091408e-16	25	NA
task3	-0.547772520215826	0.0473753554028213	5173.0524734069	-11.5623938978029	1.5129139651457e-30	25	NA
condition2:task2	0.0752083245144664	0.0610086852901131	4961.80932308643	1.2327478318346	0.217728264168181	25	NA
condition2:task3	-0.558767318668791	0.0647541831175726	4961.80932003405	-8.62905362660897	8.21783566474672e-18	25	NA
(Intercept)	-0.0702455471555764	0.0513912741986374	5304.73667643569	-1.36687693097594	0.171721806827748	26	NA
condition2	0.141886116279114	0.0671209406881904	4636.93646814451	2.11388748167646	0.0345781320251266	26	NA
task2	-0.28025310412084	0.0508408080544768	4842.62528510668	-5.51236526021664	3.72401870128923e-08	26	NA
task3	-0.266418752550464	0.0532636975850413	4793.98530647324	-5.00188241954283	5.88008790933322e-07	26	NA
condition2:task2	0.101536109313303	0.0684751472222278	4636.93646778551	1.48281695523457	0.138191008721054	26	NA
condition2:task3	-0.374781730452343	0.0725804072612123	4636.93646757482	-5.16367632250295	2.52283070120471e-07	26	NA
(Intercept)	-0.079032605368615	0.0328488607208844	4863.51158154353	-2.40594661836684	0.0161677061658291	27	NA
condition2	0.0994443372092975	0.0430128024684547	4239.44347510066	2.31197065762523	0.0208269934823656	27	NA
task2	-0.108791248893344	0.0326138708137823	4443.56879038935	-3.33573556829599	0.000857721918774378	27	NA
task3	-0.0281284122637729	0.0341318298021883	4398.56583866113	-0.824110879105857	0.40992124272436	27	NA
condition2:task2	0.11873089888724	0.0439724798450167	4239.44347555573	2.70011833095867	0.00695901049510914	27	NA
condition2:task3	-0.157341244689612	0.0465113672215828	4239.44347534831	-3.3828557208398	0.00072386498069753	27	NA
(Intercept)	-0.0326616216125788	0.0314573572024695	5086.246559831	-1.03828244064999	0.299187936818841	28	NA
condition2	0.35085058139536	0.041025027234932	4433.55833962782	8.55211087091291	1.64202563066238e-17	28	NA
task2	0.133258521935856	0.0311242681946438	4630.03618088247	4.28149896095514	1.89395352625345e-05	28	NA
task3	0.0179396830038783	0.0325728890429422	4583.9845416431	0.55075504602087	0.581828443414177	28	NA
condition2:task2	-0.0716034042496515	0.0418960580359563	4433.55834001988	-1.70907258597454	0.0875074895199356	28	NA
condition2:task3	-0.409980628639455	0.0443619108147808	4433.55833787669	-9.24172609135796	3.67542153628965e-20	28	NA
