task	condition	emmean	se	df	lowCI	highCI	roi	atlas
Alice	baseline	0.944216790697695	0.0709853255449426	318.820266623694	0.804557946342457	1.08387563505293	1	NA
Lang	baseline	0.425216517262616	0.0565889012043529	141.708530424144	0.313348977827203	0.53708405669803	1	NA
MD	baseline	0.00222858830970085	0.0673700817692125	268.114516912771	-0.130413088730122	0.134870265349524	1	NA
Alice	critical	2.3188198255814	0.0709853255449427	318.820266623701	2.17916098122616	2.45847866993664	1	NA
Lang	critical	1.53541283869119	0.0565889012043529	141.708530424143	1.42354529925578	1.6472803781266	1	NA
MD	critical	-0.175801259309347	0.0673700817692124	268.114516912776	-0.30844293634917	-0.0431595822695242	1	NA
Alice	baseline	1.16938812790699	0.0622842759705496	562.420626965189	1.04704992056793	1.29172633524606	2	NA
Lang	baseline	0.292768602172897	0.0446313429214457	207.679894909584	0.204780032256211	0.380757172089584	2	NA
MD	baseline	-0.191744062440846	0.058007541034818	475.910410014908	-0.305726628224774	-0.0777614966569183	2	NA
Alice	critical	2.60363536046511	0.0622842759705497	562.42062696505	2.48129715312605	2.72597356780418	2	NA
Lang	critical	1.31182113391893	0.0446313429214457	207.679894909587	1.22383256400224	1.39980970383562	2	NA
MD	critical	-0.397421757678944	0.058007541034818	475.910410014924	-0.511404323462872	-0.283439191895016	2	NA
Alice	baseline	0.844927441860447	0.115559708020049	263.184040177548	0.617388226319083	1.07246665740181	3	NA
Lang	baseline	1.19945712881381	0.0951959638820137	128.755335193563	1.01110619411886	1.38780806350876	3	NA
MD	baseline	1.10850973285229	0.110387548728439	224.205885959588	0.890979904362002	1.32603956134257	3	NA
Alice	critical	1.90639517441858	0.115559708020049	263.184040177558	1.67885595887722	2.13393438995994	3	NA
Lang	critical	2.52620053357571	0.0951959638820139	128.755335193563	2.33784959888077	2.71455146827066	3	NA
MD	critical	1.3039560376142	0.110387548728439	224.205885959585	1.08642620912391	1.52148586610448	3	NA
Alice	baseline	1.27932439534882	0.0766884453821515	383.11446424786	1.12854146601646	1.43010732468119	4	NA
Lang	baseline	0.325896370419341	0.0593384500804145	159.099112019736	0.208703716082207	0.443089024756474	4	NA
MD	baseline	0.0480911171371996	0.0723391047650522	320.230814776655	-0.0942288079542643	0.190411042228664	4	NA
Alice	critical	2.3892096744186	0.0766884453821519	383.114464247871	2.23842674508624	2.53999260375096	4	NA
Lang	critical	0.913476836006383	0.0593384500804144	159.099112019738	0.79628418166925	1.03066949034352	4	NA
MD	critical	-0.0271153400056579	0.0723391047650522	320.230814776662	-0.169435265097122	0.115204585085806	4	NA
Alice	baseline	1.32927968604652	0.0773856852736652	417.673844714683	1.17716574606639	1.48139362602665	5	NA
Lang	baseline	0.0601440370221804	0.0589830615822458	168.525051288503	-0.0562968177928411	0.176584891837202	5	NA
MD	baseline	-0.210681841664127	0.0727885179792128	348.957267317001	-0.353841235724789	-0.067522447603465	5	NA
Alice	critical	2.79482004651164	0.0773856852736651	417.673844714658	2.64270610653151	2.94693398649177	5	NA
Lang	critical	0.791741971981531	0.0589830615822459	168.525051288503	0.67530111716651	0.908182826796553	5	NA
MD	critical	-0.427961279759366	0.0727885179792128	348.957267317001	-0.571120673820028	-0.284801885698704	5	NA
Alice	baseline	1.01157395348836	0.103328865607895	393.860842836557	0.808428851766521	1.21471905521019	6	NA
Lang	baseline	0.772781883659269	0.0793609084543724	159.864891411264	0.616050892382166	0.929512874936372	6	NA
MD	baseline	0.332429803335384	0.097386158419001	328.907300969023	0.140851486596638	0.524008120074129	6	NA
Alice	critical	2.27138482558136	0.103328865607895	393.86084283649	2.06823972385952	2.47452992730319	6	NA
Lang	critical	2.04005065350054	0.0793609084543725	159.864891411262	1.88331966222344	2.19678164477765	6	NA
MD	critical	0.409590460478241	0.0973861584190011	328.907300969023	0.218012143739496	0.601168777216987	6	NA
Alice	baseline	0.929275116279077	0.0984724868887025	404.952648856566	0.735694023747419	1.12285620881073	7	NA
Lang	baseline	0.165718715150737	0.0757979013730052	168.713214488394	0.0160842098433467	0.315353220458128	7	NA
MD	baseline	0.0739869951191078	0.0927065483509052	338.668211467763	-0.108366170367753	0.256340160605968	7	NA
Alice	critical	2.17569422093024	0.0984724868887025	404.952648856566	1.98211312839858	2.3692753134619	7	NA
Lang	critical	0.791768916831408	0.0757979013730052	168.713214488398	0.642134411524017	0.941403422138799	7	NA
MD	critical	-0.0739121858332727	0.0927065483509052	338.668211467763	-0.256265351320133	0.108440979653588	7	NA
Alice	baseline	0.565421720930248	0.0870059507308858	314.960343161518	0.394235382342055	0.73660805951844	8	NA
Lang	baseline	0.767222445982583	0.0695624335698894	141.333568962134	0.629705089877448	0.904739802087718	8	NA
MD	baseline	0.602033598204448	0.0826071171028228	265.07583171304	0.439384009563228	0.764683186845667	8	NA
Alice	critical	1.13912141860467	0.0870059507308857	314.960343161525	0.967935080016476	1.31030775719286	8	NA
Lang	critical	1.63884292198258	0.0695624335698894	141.333568962134	1.50132556587745	1.77636027808772	8	NA
MD	critical	0.718680236299686	0.0826071171028228	265.075831713035	0.556030647658466	0.881329824940906	8	NA
Alice	baseline	0.279771186046508	0.0289372032687872	437.69619518973	0.222898045758999	0.336644326334017	10	NA
Lang	baseline	0.12419263799767	0.0218903812140187	174.937685129492	0.0809894016848233	0.167395874310517	10	NA
MD	baseline	-0.00294232055066423	0.0271751610202524	365.959394286842	-0.0563813900465003	0.0504967489451718	10	NA
Alice	critical	0.569722430232559	0.0289372032687872	437.696195189703	0.51284928994505	0.626595570520068	10	NA
Lang	critical	0.42076120357144	0.0218903812140187	174.93768512949	0.377557967258593	0.463964439884287	10	NA
MD	critical	-0.027068196741141	0.0271751610202523	365.959394286842	-0.080507266236977	0.026370872754695	10	NA
Alice	baseline	0.723178860465107	0.084665304527904	384.094235195328	0.556713373099675	0.889644347830539	11	NA
Lang	baseline	0.468358289506358	0.0654779610708114	159.32450311905	0.33904158412572	0.597674994886995	11	NA
MD	baseline	-0.257375442296826	0.0798568229752069	321.037841500706	-0.414484224916611	-0.100266659677041	11	NA
Alice	critical	1.75410711627907	0.0846653045279045	384.094235195296	1.58764162891364	1.9205726036445	11	NA
Lang	critical	1.44395088059947	0.0654779610708114	159.32450311905	1.31463417521884	1.57326758598011	11	NA
MD	critical	-0.465616470868256	0.0798568229752069	321.037841500713	-0.622725253488041	-0.308507688248471	11	NA
Alice	baseline	0.363133918604653	0.0338798666522983	298.801347183445	0.296460543697157	0.429807293512149	12	NA
Lang	baseline	0.300054811362664	0.0275425590665793	142.412839060505	0.245609734206591	0.354499888518738	12	NA
MD	baseline	0.207650461090265	0.0322199408127258	252.524731959538	0.144196425283736	0.271104496896794	12	NA
Alice	critical	0.606906872093019	0.0338798666522983	298.801347183458	0.540233497185523	0.673580247000514	12	NA
Lang	critical	0.612444095845424	0.0275425590665793	142.412839060503	0.55799901868935	0.666889173001497	12	NA
MD	critical	0.256819642042646	0.0322199408127258	252.524731959533	0.193365606236116	0.320273677849175	12	NA
Alice	baseline	-0.0537972209302171	0.0969075759757648	250.223928260531	-0.244655705324232	0.137061263463798	13	NA
Lang	baseline	0.218854803744836	0.0808180727619095	127.868406087842	0.0589408685818497	0.378768738907822	13	NA
MD	baseline	1.60204542751369	0.0927285757375914	214.170617763066	1.41926791602595	1.78482293900143	13	NA
Alice	critical	-0.0169452441860311	0.0969075759757649	250.223928260536	-0.207803728580047	0.173913240207984	13	NA
Lang	critical	0.522910546483424	0.0808180727619094	127.868406087842	0.362996611320439	0.68282448164641	13	NA
MD	critical	1.93178122751369	0.0927285757375914	214.170617763066	1.74900371602594	2.11455873900143	13	NA
Alice	baseline	-0.0261851279069791	0.115209141795735	269.199959756196	-0.253010656498317	0.200640400684359	14	NA
Lang	baseline	-0.474192227161995	0.0950734997560588	133.464829041021	-0.662237914291369	-0.286146540032622	14	NA
MD	baseline	1.05698917158396	0.109959992739796	229.078915570798	0.840326896326898	1.27365144684102	14	NA
Alice	critical	-0.0425024302325621	0.115209141795735	269.199959756217	-0.2693279588239	0.184323098358776	14	NA
Lang	critical	-0.20021672505229	0.0950734997560587	133.46482904102	-0.388262412181663	-0.012171037922917	14	NA
MD	critical	1.31010954301253	0.109959992739796	229.078915570798	1.09344726775547	1.52677181826959	14	NA
Alice	baseline	0.235376465116275	0.0507805316851014	364.905925480163	0.135517246118513	0.335235684114036	15	NA
Lang	baseline	0.275786265328649	0.0398619398958831	158.929024762479	0.197058815389987	0.35451371526731	15	NA
MD	baseline	0.462028944978065	0.0479710438649219	305.698340815494	0.36763371006351	0.55642417989262	15	NA
Alice	critical	0.40783284883721	0.0507805316851013	364.905925480125	0.307973629839448	0.507692067834971	15	NA
Lang	critical	0.535637780222265	0.0398619398958831	158.929024762479	0.456910330283603	0.614365230160927	15	NA
MD	critical	0.616389992597112	0.0479710438649219	305.698340815487	0.521994757682557	0.710785227511667	15	NA
Alice	baseline	0.333444860465117	0.116914033095978	567.813691006184	0.1038080855385	0.563081635391733	16	NA
Lang	baseline	0.108248942646083	0.0837546405514964	211.850870262801	-0.0568502968820759	0.273348182174242	16	NA
MD	baseline	-0.86535188663161	0.108839175179392	481.33444219784	-1.07921049566993	-0.651493277593286	16	NA
Alice	critical	1.30444641860465	0.116914033095978	567.813691005948	1.07480964367803	1.53408319353127	16	NA
Lang	critical	1.12018955308785	0.0837546405514963	211.850870262804	0.95509031355969	1.28528879261601	16	NA
MD	critical	-1.67433704853637	0.108839175179392	481.33444219784	-1.8881956575747	-1.46047843949805	16	NA
Alice	baseline	-0.0383792209302351	0.0984004155628903	234.642216722248	-0.232240399832373	0.155481957971903	17	NA
Lang	baseline	-0.0177883404158338	0.0828865370417292	123.698976633418	-0.181847948953143	0.146271268121475	17	NA
MD	baseline	1.24504160322752	0.0943707428611349	202.000641474384	1.05896351024064	1.43111969621441	17	NA
Alice	critical	-0.0194674534883717	0.0984004155628903	234.642216722244	-0.21332863239051	0.174393725413767	17	NA
Lang	critical	0.296157449707622	0.0828865370417291	123.698976633418	0.132097841170314	0.460217058244931	17	NA
MD	critical	1.53855561275133	0.0943707428611349	202.000641474384	1.35247751976445	1.72463370573822	17	NA
Alice	baseline	0.311547883720934	0.0826025330413768	425.897178925688	0.149188505099637	0.47390726234223	18	NA
Lang	baseline	0.200085254147034	0.0631555792808012	176.69896529075	0.0754489597744698	0.324721548519597	18	NA
MD	baseline	-0.540254486475759	0.077629556477648	356.476323076527	-0.692923957502292	-0.387585015449227	18	NA
Alice	critical	0.754779372093027	0.082602533041377	425.897178925754	0.59241999347173	0.917138750714324	18	NA
Lang	critical	0.597448403719683	0.0631555792808012	176.69896529075	0.47281210934712	0.722084698092247	18	NA
MD	critical	-1.07498749599957	0.077629556477648	356.476323076527	-1.2276569670261	-0.922318024973038	18	NA
Alice	baseline	0.31530193023255	0.0524201426025473	300.712801770745	0.212145164131761	0.418458696333338	19	NA
Lang	baseline	0.518149484351611	0.0425690457583598	142.902183124199	0.434003092214882	0.602295876488341	19	NA
MD	baseline	0.594269918381439	0.0498405558902979	254.038030398216	0.496116612578041	0.692423224184837	19	NA
Alice	critical	0.501696872093016	0.0524201426025474	300.712801770719	0.398540105992227	0.604853638193805	19	NA
Lang	critical	0.767948773144715	0.0425690457583598	142.902183124199	0.683802381007985	0.852095165281445	19	NA
MD	critical	0.805811956476678	0.0498405558902978	254.038030398216	0.707658650673279	0.903965262280076	19	NA
Alice	baseline	1.0610462906977	0.114406399153594	339.832772273019	0.836012428234594	1.2860801531608	20	NA
Lang	baseline	0.605520998789507	0.0910022350746693	152.993412217827	0.425737802822454	0.78530419475656	20	NA
MD	baseline	0.619202184024625	0.108331869041767	285.372430892507	0.405971304245832	0.832433063803419	20	NA
Alice	critical	1.69676067441861	0.114406399153595	339.832772273036	1.4717268119555	1.92179453688171	20	NA
Lang	critical	1.15791167690109	0.0910022350746692	152.993412217827	0.978128480934041	1.33769487286815	20	NA
MD	critical	0.745749364977006	0.108331869041767	285.372430892507	0.532518485198213	0.9589802447558	20	NA
Alice	baseline	0.795652779069769	0.0902108938381435	516.299811210919	0.618427222297226	0.972878335842313	21	NA
Lang	baseline	0.354928891472969	0.0664882182558046	204.916768383947	0.223840171536047	0.48601761140989	21	NA
MD	baseline	-0.114846718359387	0.0842273092488635	435.544223033789	-0.280389226253165	0.0506957895343905	21	NA
Alice	critical	1.64248619767443	0.0902108938381438	516.299811210977	1.46526064090189	1.81971175444698	21	NA
Lang	critical	0.867341231898499	0.0664882182558046	204.916768383947	0.736252511961577	0.99842995183542	21	NA
MD	critical	-0.202827880264151	0.0842273092488634	435.544223033789	-0.368370388157928	-0.0372853723703729	21	NA
Alice	baseline	0.0656972261904771	0.0385979955746637	346.593335373543	-0.01021854972693	0.141613002107884	22	NA
Lang	baseline	-0.0229766538513697	0.0305867397120234	155.996423666707	-0.0833942695334026	0.0374409618306631	22	NA
MD	baseline	-0.134480371171651	0.0364511572025417	289.713063100494	-0.206223030833942	-0.0627377115093598	22	NA
Alice	critical	0.355782250000001	0.0385979955746637	346.593335373525	0.279866474082593	0.431698025917408	22	NA
Lang	critical	0.22173926017578	0.0305867397120234	155.996423666709	0.161321644493747	0.282156875857813	22	NA
MD	critical	-0.266543342045437	0.0364511572025417	289.713063100494	-0.338286001707728	-0.194800682383146	22	NA
Alice	baseline	0.226802127906979	0.0298025653197417	655.025055270979	0.168282042461159	0.285322213352799	23	NA
Lang	baseline	0.0731364900815935	0.0210277809936133	283.59003014204	0.0317461559160289	0.114526824247158	23	NA
MD	baseline	0.0830343378407535	0.0275537593199585	574.11302039023	0.0289158717401662	0.137152803941341	23	NA
Alice	critical	0.423413302325584	0.0298025653197418	655.025055270948	0.364893216879764	0.481933387771404	23	NA
Lang	critical	0.175258593685197	0.0210277809936133	283.59003014204	0.133868259519632	0.216648927850761	23	NA
MD	critical	0.0817792330788485	0.0275537593199585	574.11302039023	0.0276607669782612	0.135897699179436	23	NA
Alice	baseline	0.887276174418598	0.0961570075420056	549.287905267513	0.698395717718762	1.07615663111843	24	NA
Lang	baseline	0.433494658732402	0.0701839473142052	220.467611418408	0.295177365486043	0.571811951978761	24	NA
MD	baseline	0.409017765185249	0.0895694766629982	466.410039198923	0.233008080974864	0.585027449395634	24	NA
Alice	critical	1.61343195348837	0.0961570075420056	549.287905267624	1.42455149678854	1.80231241018821	24	NA
Lang	critical	0.950613987736732	0.0701839473142052	220.467611418405	0.812296694490373	1.08893128098309	24	NA
MD	critical	0.513658593756677	0.0895694766629982	466.410039198923	0.337648909546292	0.689668277967062	24	NA
Alice	baseline	0.17966038372093	0.0441806185693077	561.088294825959	0.0928807709104161	0.266439996531445	25	NA
Lang	baseline	-0.172180189663024	0.0320767780779912	224.101976897394	-0.235390883905076	-0.108969495420972	25	NA
MD	baseline	-0.364001166005731	0.0411232428543972	477.400677966204	-0.444806098360869	-0.283196233650593	25	NA
Alice	critical	0.485042523255813	0.0441806185693075	561.088294826051	0.398262910445299	0.571822136066327	25	NA
Lang	critical	0.131193844819735	0.0320767780779912	224.10197689739	0.0679831505776824	0.194404539061787	25	NA
MD	critical	-0.587919051720017	0.0411232428543973	477.400677966204	-0.668723984075155	-0.507114119364879	25	NA
Alice	baseline	-0.0760292906976728	0.0485720243845	395.048824563184	-0.171521264997029	0.019462683601683	26	NA
Lang	baseline	-0.337093613805567	0.0376329053408846	167.770050676241	-0.411388676987351	-0.262798550623784	26	NA
MD	baseline	-0.429468590746889	0.0457626567222892	330.578886988851	-0.519491332906873	-0.339445848586905	26	NA
Alice	critical	0.0658568255813954	0.0485720243845001	395.048824563184	-0.0296351487179606	0.161348799880751	26	NA
Lang	critical	-0.076202959959413	0.0376329053408846	167.770050676241	-0.150498023141197	-0.00190789677762922	26	NA
MD	critical	-0.615882257413556	0.0457626567222892	330.578886988859	-0.70590499957354	-0.525859515253572	26	NA
Alice	baseline	-0.0798662209302319	0.0353901299256792	569.751150480351	-0.149377262977503	-0.0103551788829605	27	NA
Lang	baseline	-0.16751897863113	0.0257744632023811	236.899632868787	-0.218295400402246	-0.116742556860014	27	NA
MD	baseline	-0.157014576008882	0.0329101401077057	487.109343877509	-0.221677933230041	-0.0923512187877222	27	NA
Alice	critical	0.0195781162790699	0.0353901299256792	569.751150480256	-0.0499329257682014	0.0890891583263412	27	NA
Lang	critical	0.0444197747320986	0.0257744632023811	236.899632868787	-0.00635664703901718	0.0951961965032143	27	NA
MD	critical	-0.19619680458031	0.0329101401077057	487.109343877509	-0.26086016180147	-0.131533447359151	27	NA
Alice	baseline	-0.0234771627906971	0.0336304700472978	451.607906140165	-0.0895687982094723	0.042614472628078	28	NA
Lang	baseline	0.128683337565803	0.0256541709864449	192.64900479839	0.0780842218605233	0.179282453271082	28	NA
MD	baseline	-0.0108219969497025	0.0315353400225327	379.348890918645	-0.0728279549573862	0.0511839610579813	28	NA
Alice	critical	0.327373418604652	0.0336304700472978	451.607906140195	0.261281783185877	0.393465054023427	28	NA
Lang	critical	0.390080419013766	0.0256541709864449	192.649004798393	0.339481303308487	0.440679534719046	28	NA
MD	critical	-0.0923452731401788	0.0315353400225327	379.348890918645	-0.154351231147863	-0.0303393151324951	28	NA
